480.000000 2.056261e+01 2.058420e+01 4.119144e+00
490.000000 1.981532e+01 1.983596e+01 4.032153e+00
500.000000 1.910942e+01 1.912909e+01 3.948579e+00
510.000000 1.844148e+01 1.846025e+01 3.868235e+00
520.000000 1.780845e+01 1.782632e+01 3.790961e+00
530.000000 1.720758e+01 1.722460e+01 3.716558e+00
540.000000 1.663649e+01 1.665264e+01 3.644881e+00
550.000000 1.609300e+01 1.610835e+01 3.575778e+00
560.000000 1.557519e+01 1.558976e+01 3.509102e+00
570.000000 1.508129e+01 1.509508e+01 3.444711e+00
580.000000 1.460982e+01 1.462288e+01 3.382509e+00
590.000000 1.415943e+01 1.417181e+01 3.322398e+00
600.000000 1.372883e+01 1.374057e+01 3.264266e+00
610.000000 1.331680e+01 1.332791e+01 3.207994e+00
620.000000 1.292224e+01 1.293274e+01 3.153499e+00
630.000000 1.254417e+01 1.255412e+01 3.100689e+00
640.000000 1.218167e+01 1.219106e+01 3.049479e+00
650.000000 1.183392e+01 1.184281e+01 2.999802e+00
660.000000 1.150016e+01 1.150854e+01 2.951589e+00
670.000000 1.117973e+01 1.118767e+01 2.904806e+00
680.000000 1.087187e+01 1.087937e+01 2.859352e+00
690.000000 1.057595e+01 1.058302e+01 2.815174e+00
700.000000 1.029136e+01 1.029803e+01 2.772215e+00
710.000000 1.001753e+01 1.002370e+01 2.730142e+00
720.000000 9.753939e+00 9.759911e+00 2.689744e+00
730.000000 9.500104e+00 9.505733e+00 2.650136e+00
740.000000 9.255573e+00 9.260873e+00 2.611561e+00
750.000000 9.019893e+00 9.024889e+00 2.573973e+00
760.000000 8.792628e+00 8.797328e+00 2.537331e+00
770.000000 8.573344e+00 8.577798e+00 2.501581e+00
780.000000 8.361700e+00 8.365882e+00 2.466694e+00
790.000000 8.157360e+00 8.161306e+00 2.432646e+00
800.000000 7.959985e+00 7.963718e+00 2.399404e+00
810.000000 7.769252e+00 7.772751e+00 2.366929e+00
820.000000 7.584842e+00 7.588145e+00 2.335195e+00
830.000000 7.406489e+00 7.409606e+00 2.304174e+00
840.000000 7.233927e+00 7.236851e+00 2.273837e+00
850.000000 7.066895e+00 7.069662e+00 2.244164e+00
860.000000 6.905137e+00 6.907728e+00 2.215120e+00
870.000000 6.748410e+00 6.750854e+00 2.186679e+00
880.000000 6.596510e+00 6.598806e+00 2.158824e+00
890.000000 6.449240e+00 6.451400e+00 2.131536e+00
900.000000 6.306393e+00 6.308415e+00 2.104791e+00
910.000000 6.167776e+00 6.169677e+00 2.078571e+00
920.000000 6.033174e+00 6.034962e+00 2.052836e+00
930.000000 5.902476e+00 5.904154e+00 2.027593e+00
940.000000 5.775565e+00 5.777137e+00 2.002843e+00
950.000000 5.652286e+00 5.653763e+00 1.978570e+00
960.000000 5.532451e+00 5.533833e+00 1.954738e+00
970.000000 5.415879e+00 5.417177e+00 1.931317e+00
980.000000 5.302479e+00 5.303693e+00 1.908304e+00
990.000000 5.192156e+00 5.193291e+00 1.885700e+00
1000.000000 5.084781e+00 5.085848e+00 1.863489e+00
1010.000000 4.980218e+00 4.981212e+00 1.841642e+00
1020.000000 4.878324e+00 4.879253e+00 1.820137e+00
1030.000000 4.779034e+00 4.779900e+00 1.798974e+00
1040.000000 4.682273e+00 4.683080e+00 1.778152e+00
1050.000000 4.587946e+00 4.588699e+00 1.757658e+00
1060.000000 4.495949e+00 4.496651e+00 1.737477e+00
1070.000000 4.406146e+00 4.406802e+00 1.717572e+00
1080.000000 4.318530e+00 4.319138e+00 1.697965e+00
1090.000000 4.233091e+00 4.233652e+00 1.678678e+00
1100.000000 4.149737e+00 4.150262e+00 1.659698e+00
1110.000000 4.068317e+00 4.068804e+00 1.640971e+00
1120.000000 3.988650e+00 3.989098e+00 1.622437e+00
1130.000000 3.910803e+00 3.911217e+00 1.604149e+00
1140.000000 3.834781e+00 3.835164e+00 1.586130e+00
1150.000000 3.760535e+00 3.760887e+00 1.568376e+00
1160.000000 3.687978e+00 3.688302e+00 1.550867e+00
1170.000000 3.617047e+00 3.617343e+00 1.533589e+00
1180.000000 3.547685e+00 3.547955e+00 1.516533e+00
1190.000000 3.479840e+00 3.480086e+00 1.499691e+00
1200.000000 3.413459e+00 3.413684e+00 1.483054e+00
1210.000000 3.348492e+00 3.348521e+00 1.466531e+00
1220.000000 3.284886e+00 3.285069e+00 1.450352e+00
1230.000000 3.222618e+00 3.222780e+00 1.434277e+00
1240.000000 3.161653e+00 3.161802e+00 1.418391e+00
1250.000000 3.101966e+00 3.102099e+00 1.402687e+00
1260.000000 3.043542e+00 3.043655e+00 1.387172e+00
1270.000000 2.986396e+00 2.986498e+00 1.371873e+00
1280.000000 2.930432e+00 2.930521e+00 1.356749e+00
1290.000000 2.875578e+00 2.875653e+00 1.341774e+00
1300.000000 2.821800e+00 2.821863e+00 1.326940e+00
1310.000000 2.769107e+00 2.769161e+00 1.312267e+00
1320.000000 2.717498e+00 2.717541e+00 1.297763e+00
1330.000000 2.666927e+00 2.666958e+00 1.283417e+00
1340.000000 2.617361e+00 2.617385e+00 1.269222e+00
1350.000000 2.568774e+00 2.568788e+00 1.255172e+00
1360.000000 2.521153e+00 2.521159e+00 1.241270e+00
1370.000000 2.475139e+00 2.475140e+00 1.227916e+00
1380.000000 2.429276e+00 2.429270e+00 1.214246e+00
1390.000000 2.381868e+00 2.381854e+00 1.199229e+00
1400.000000 2.333477e+00 2.333458e+00 1.183184e+00
1410.000000 2.286541e+00 2.286519e+00 1.167601e+00
1420.000000 2.243840e+00 2.243810e+00 1.154227e+00
1430.000000 2.202873e+00 2.202840e+00 1.141558e+00
1440.000000 2.162684e+00 2.162647e+00 1.129009e+00
1450.000000 2.122979e+00 2.122937e+00 1.116402e+00
1460.000000 2.084029e+00 2.083986e+00 1.103918e+00
1470.000000 2.045819e+00 2.045772e+00 1.091551e+00
1480.000000 2.008331e+00 2.008279e+00 1.079301e+00
1490.000000 1.971543e+00 1.971490e+00 1.067164e+00
1500.000000 1.935443e+00 1.935387e+00 1.055137e+00
1510.000000 1.900030e+00 1.899973e+00 1.043230e+00
1520.000000 1.865302e+00 1.865241e+00 1.031446e+00
1530.000000 1.831237e+00 1.831176e+00 1.019783e+00
1540.000000 1.797819e+00 1.797755e+00 1.008235e+00
1550.000000 1.765031e+00 1.764967e+00 9.968005e-01
1560.000000 1.732855e+00 1.732791e+00 9.854732e-01
1570.000000 1.701264e+00 1.701197e+00 9.742391e-01
1580.000000 1.670261e+00 1.670193e+00 9.631119e-01
1590.000000 1.639845e+00 1.639777e+00 9.520970e-01
1600.000000 1.610006e+00 1.609936e+00 9.411919e-01
1610.000000 1.580721e+00 1.580652e+00 9.303911e-01
1620.000000 1.551968e+00 1.551898e+00 9.196824e-01
1630.000000 1.523750e+00 1.523680e+00 9.090766e-01
1640.000000 1.496065e+00 1.495995e+00 8.985780e-01
1650.000000 1.468903e+00 1.468834e+00 8.881875e-01
1660.000000 1.442247e+00 1.442177e+00 8.778956e-01
1670.000000 1.416076e+00 1.416006e+00 8.676964e-01
1680.000000 1.390389e+00 1.390320e+00 8.575949e-01
1690.000000 1.365180e+00 1.365110e+00 8.475909e-01
1700.000000 1.340440e+00 1.340370e+00 8.376856e-01
1710.000000 1.316157e+00 1.316088e+00 8.278753e-01
1720.000000 1.292320e+00 1.292252e+00 8.181582e-01
1730.000000 1.268925e+00 1.268858e+00 8.085361e-01
1740.000000 1.245966e+00 1.245898e+00 7.990088e-01
1750.000000 1.223434e+00 1.223368e+00 7.895791e-01
1760.000000 1.201317e+00 1.201252e+00 7.802393e-01
1770.000000 1.179599e+00 1.179533e+00 7.709821e-01
1780.000000 1.158282e+00 1.158216e+00 7.618169e-01
1790.000000 1.137361e+00 1.137297e+00 7.527457e-01
1800.000000 1.116832e+00 1.116769e+00 -nan
1810.000000 1.096684e+00 1.096621e+00 7.348797e-01
1820.000000 1.076911e+00 1.076849e+00 7.260845e-01
